casos_2009 casos_2010 casos_2011 casos_2012 casos_2013 casos_2014 casos_2015 casos_2016 casos_2017 casos_2018 casos_2019 casos_2020 casos_2021 casos_2022 casos_2023 casos_2024
0 0 0 0 0 0 0 0 0 1 0 2 1 0 0 13
0 0 0 0 0 0 0 0 0 0 0 0 0 0 0 0
0 0 0 0 0 0 0 0 0 5 0 0 0 0 0 0
0 0 0 0 0 0 0 0 0 6 0 0 0 0 0 0
0 0 0 0 0 0 0 0 0 20 0 0 3 0 0 0
0 0 0 0 0 0 0 0 0 14 0 0 4 0 0 0
30 0 0 0 0 1 0 7 12 0 7 1 56 0 1 5
246 1 1 0 4 8 0 116 20 0 36 36 119 0 150 6
112 14 1 1 35 56 0 292 31 1 177 151 145 0 1643 53
2 45 0 10 34 137 0 222 37 0 49 375 354 8 1771 77
6 14 0 17 38 96 1 70 10 25 18 175 353 7 473 43
1 0 0 7 0 0 0 2 0 7 6 11 39 1 97 4
